%YAML:1.0
vocabulary: !!opencv-matrix
   rows: 100
   cols: 64
   dt: u
   data: [ 93, 191, 162, 144, 90, 142, 147, 73, 164, 169, 87, 171, 129,
       105, 129, 159, 171, 215, 77, 183, 155, 101, 112, 156, 189, 154,
       171, 170, 95, 127, 197, 145, 152, 150, 139, 155, 201, 104, 193,
       138, 131, 134, 110, 153, 169, 172, 178, 99, 173, 174, 92, 74, 155,
       87, 137, 130, 101, 195, 95, 172, 176, 148, 89, 194, 70, 198, 147,
       111, 65, 99, 76, 48, 104, 127, 134, 180, 161, 94, 96, 126, 171,
       109, 44, 196, 151, 97, 87, 187, 182, 124, 114, 188, 61, 92, 166,
       98, 167, 150, 116, 90, 107, 120, 112, 124, 90, 124, 113, 144, 57,
       158, 98, 136, 139, 97, 68, 89, 73, 92, 96, 131, 92, 177, 175, 173,
       100, 126, 179, 73, 172, 86, 158, 86, 194, 95, 108, 171, 165, 94,
       129, 84, 168, 162, 152, 128, 121, 97, 134, 73, 85, 167, 108, 122,
       117, 155, 160, 99, 170, 108, 71, 58, 102, 110, 125, 179, 139, 123,
       163, 127, 145, 136, 105, 118, 165, 113, 189, 109, 137, 132, 100,
       139, 121, 144, 103, 111, 107, 86, 109, 63, 84, 82, 124, 122, 92,
       212, 172, 199, 61, 101, 170, 81, 139, 178, 181, 207, 165, 88, 170,
       184, 207, 144, 101, 166, 167, 98, 95, 195, 197, 163, 108, 204, 88,
       169, 192, 201, 165, 191, 116, 114, 135, 188, 181, 141, 122, 162,
       183, 166, 65, 157, 101, 148, 168, 112, 109, 100, 119, 92, 107,
       163, 133, 195, 206, 198, 131, 123, 203, 96, 96, 92, 95, 89, 191,
       177, 61, 70, 92, 81, 64, 52, 62, 165, 170, 182, 137, 169, 81, 141,
       161, 158, 121, 57, 91, 138, 139, 96, 123, 67, 165, 77, 120, 120,
       182, 105, 78, 128, 102, 118, 106, 80, 100, 106, 97, 158, 134, 107,
       163, 94, 88, 75, 94, 166, 160, 170, 138, 121, 90, 136, 123, 173,
       109, 109, 111, 77, 182, 173, 225, 186, 107, 93, 121, 105, 182, 76,
       208, 200, 150, 110, 155, 146, 176, 115, 222, 120, 86, 140, 167,
       137, 217, 207, 114, 135, 190, 158, 92, 150, 136, 96, 149, 194,
       179, 139, 131, 131, 165, 130, 193, 128, 194, 126, 179, 186, 99,
       197, 171, 199, 118, 164, 131, 144, 189, 166, 157, 131, 189, 70,
       209, 95, 185, 131, 206, 114, 142, 196, 173, 122, 197, 116, 211,
       195, 160, 122, 162, 89, 193, 85, 152, 175, 103, 170, 173, 147,
       205, 189, 187, 161, 132, 165, 127, 117, 93, 174, 129, 175, 164,
       185, 145, 137, 177, 116, 206, 87, 183, 131, 155, 157, 119, 207,
       174, 151, 77, 141, 132, 160, 177, 130, 118, 99, 181, 100, 190, 71,
       207, 178, 224, 201, 159, 175, 152, 167, 212, 111, 201, 207, 164,
       160, 179, 185, 184, 130, 216, 173, 161, 123, 167, 164, 224, 196,
       157, 141, 201, 185, 102, 154, 158, 151, 190, 190, 212, 181, 160,
       143, 200, 159, 209, 121, 178, 135, 209, 191, 126, 210, 208, 208,
       171, 165, 163, 177, 208, 189, 195, 149, 193, 130, 196, 201, 189,
       193, 77, 72, 202, 210, 176, 201, 189, 216, 185, 117, 171, 142,
       181, 166, 198, 113, 108, 186, 119, 202, 197, 149, 151, 190, 173,
       184, 171, 209, 167, 167, 134, 153, 183, 198, 192, 156, 156, 164,
       192, 166, 138, 161, 112, 163, 176, 181, 144, 168, 166, 120, 149,
       149, 132, 196, 206, 109, 186, 154, 191, 133, 83, 62, 149, 106,
       176, 138, 58, 78, 126, 63, 130, 51, 186, 181, 129, 90, 156, 97,
       127, 100, 122, 104, 58, 121, 165, 112, 168, 130, 113, 126, 141,
       63, 89, 73, 79, 159, 78, 110, 71, 148, 98, 145, 62, 102, 104, 122,
       168, 142, 125, 83, 81, 125, 100, 87, 83, 93, 93, 104, 79, 113, 58,
       79, 124, 94, 212, 185, 206, 188, 194, 153, 199, 224, 201, 183,
       184, 187, 189, 189, 197, 183, 204, 205, 206, 104, 165, 177, 165,
       184, 179, 172, 171, 186, 205, 173, 153, 203, 189, 107, 130, 215,
       186, 175, 217, 189, 179, 152, 201, 124, 210, 138, 181, 147, 186,
       169, 166, 185, 216, 168, 132, 118, 139, 216, 134, 176, 200, 133,
       103, 216, 80, 89, 156, 119, 44, 116, 83, 98, 128, 118, 88, 106,
       87, 149, 168, 154, 132, 95, 156, 82, 91, 108, 139, 105, 107, 124,
       91, 79, 68, 145, 87, 86, 119, 68, 94, 168, 70, 115, 103, 122, 135,
       155, 100, 107, 62, 124, 86, 187, 134, 79, 151, 134, 114, 63, 98,
       86, 121, 100, 64, 137, 73, 82, 76, 168, 163, 125, 123, 131, 53,
       136, 96, 119, 81, 190, 112, 169, 57, 162, 170, 195, 155, 121, 119,
       152, 163, 172, 189, 69, 107, 139, 145, 132, 82, 125, 174, 158,
       155, 136, 170, 95, 104, 163, 143, 185, 132, 84, 192, 136, 141, 66,
       78, 149, 180, 123, 156, 141, 147, 121, 117, 164, 147, 175, 125,
       209, 135, 176, 131, 132, 190, 76, 183, 122, 208, 146, 112, 137,
       144, 91, 157, 89, 185, 193, 96, 115, 166, 171, 105, 179, 105, 173,
       116, 147, 185, 126, 203, 192, 181, 95, 194, 115, 105, 95, 126,
       199, 139, 79, 145, 175, 139, 156, 141, 132, 172, 114, 174, 134,
       166, 135, 86, 175, 158, 191, 104, 154, 140, 138, 101, 133, 117,
       114, 145, 159, 94, 60, 93, 157, 56, 143, 140, 105, 119, 161, 118,
       114, 90, 75, 76, 69, 114, 163, 110, 153, 125, 77, 167, 122, 100,
       126, 87, 108, 87, 118, 102, 165, 101, 100, 108, 143, 108, 86, 74,
       110, 115, 126, 101, 137, 82, 145, 68, 140, 70, 106, 150, 65, 152,
       98, 169, 111, 117, 119, 86, 180, 124, 90, 84, 182, 82, 178, 128,
       184, 63, 138, 123, 71, 108, 140, 105, 170, 76, 98, 148, 177, 161,
       185, 124, 167, 164, 95, 173, 107, 98, 128, 109, 91, 102, 183, 158,
       189, 167, 115, 125, 156, 161, 110, 164, 146, 151, 164, 116, 126,
       120, 154, 134, 127, 151, 141, 164, 46, 168, 60, 172, 95, 111, 202,
       101, 182, 151, 142, 77, 195, 200, 197, 193, 97, 82, 132, 171, 205,
       174, 188, 184, 219, 192, 135, 163, 170, 178, 145, 151, 129, 95,
       171, 154, 182, 176, 136, 190, 182, 108, 92, 162, 118, 176, 109,
       194, 174, 161, 144, 195, 169, 165, 116, 196, 140, 172, 109, 97,
       146, 198, 155, 92, 194, 168, 190, 121, 145, 133, 173, 159, 169,
       125, 154, 183, 101, 132, 106, 203, 196, 227, 177, 136, 98, 165,
       104, 185, 89, 207, 214, 173, 135, 179, 164, 198, 108, 229, 114,
       83, 153, 192, 151, 213, 203, 163, 193, 187, 196, 112, 159, 64,
       159, 186, 195, 202, 180, 157, 198, 169, 145, 205, 142, 206, 132,
       192, 185, 131, 195, 198, 137, 109, 130, 134, 211, 203, 171, 184,
       87, 171, 157, 183, 83, 142, 190, 142, 70, 153, 163, 157, 137, 191,
       102, 187, 138, 101, 88, 156, 161, 115, 168, 134, 166, 83, 179,
       194, 134, 216, 192, 185, 168, 178, 201, 109, 144, 85, 172, 192,
       118, 187, 164, 139, 155, 131, 159, 191, 143, 189, 93, 145, 188,
       110, 98, 166, 84, 128, 116, 105, 164, 188, 119, 157, 97, 185, 121,
       194, 69, 172, 163, 67, 108, 164, 166, 145, 193, 123, 153, 112,
       157, 107, 153, 134, 190, 115, 170, 72, 185, 178, 102, 162, 159,
       207, 137, 113, 134, 190, 154, 85, 149, 159, 180, 188, 100, 198,
       145, 145, 147, 182, 187, 141, 128, 107, 138, 194, 178, 143, 169,
       147, 160, 174, 188, 171, 99, 149, 126, 174, 135, 162, 169, 73,
       190, 135, 182, 216, 153, 178, 87, 139, 87, 163, 119, 199, 100,
       139, 109, 167, 161, 129, 154, 207, 75, 54, 194, 191, 135, 109,
       199, 172, 153, 182, 187, 136, 189, 93, 102, 137, 173, 142, 101,
       107, 162, 124, 136, 110, 188, 181, 108, 128, 146, 105, 103, 134,
       139, 105, 151, 116, 171, 191, 138, 161, 122, 183, 108, 128, 213,
       192, 157, 217, 179, 205, 141, 149, 101, 195, 173, 204, 136, 181,
       174, 197, 144, 200, 134, 218, 80, 102, 201, 203, 131, 116, 214,
       181, 164, 202, 194, 161, 185, 121, 115, 149, 198, 215, 145, 173,
       166, 193, 120, 186, 114, 194, 147, 198, 181, 133, 213, 202, 172,
       76, 145, 142, 179, 197, 170, 172, 140, 173, 137, 98, 174, 159,
       171, 73, 173, 191, 104, 132, 176, 194, 211, 181, 77, 82, 100, 154,
       176, 142, 193, 177, 81, 154, 196, 172, 101, 121, 184, 96, 147,
       187, 202, 152, 155, 135, 108, 175, 128, 171, 125, 150, 159, 181,
       154, 127, 157, 98, 136, 134, 198, 138, 135, 193, 130, 183, 119,
       118, 174, 201, 194, 189, 161, 177, 147, 101, 95, 120, 101, 115,
