%YAML:1.0
vocabulary: !!opencv-matrix
   rows: 100
   cols: 64
   dt: u
   data: [ 85, 72, 99, 152, 59, 100, 141, 62, 182, 173, 150, 85, 198, 55,
       218, 135, 242, 104, 49, 121, 113, 140, 61, 138, 214, 160, 128,
       238, 31, 105, 210, 197, 52, 202, 193, 84, 119, 163, 225, 138, 155,
       161, 158, 180, 60, 121, 126, 52, 174, 155, 66, 97, 92, 153, 91,
       193, 114, 55, 215, 149, 150, 113, 231, 32, 101, 60, 142, 183, 85,
       94, 14, 76, 131, 176, 48, 60, 141, 185, 103, 154, 84, 81, 66, 221,
       80, 178, 69, 115, 198, 106, 170, 183, 86, 147, 145, 100, 84, 162,
       102, 182, 215, 36, 208, 103, 107, 114, 31, 217, 52, 162, 136, 104,
       140, 123, 97, 105, 80, 50, 81, 76, 62, 136, 117, 46, 113, 71, 76,
       131, 162, 200, 191, 178, 154, 183, 176, 159, 154, 171, 212, 215,
       164, 141, 190, 179, 161, 95, 211, 83, 194, 103, 173, 171, 134,
       177, 122, 166, 146, 190, 87, 196, 152, 142, 145, 128, 157, 197,
       192, 158, 168, 136, 225, 133, 218, 66, 144, 155, 183, 187, 151,
       208, 193, 122, 134, 109, 162, 193, 216, 208, 172, 191, 169, 118,
       105, 151, 210, 131, 139, 169, 198, 142, 196, 149, 211, 186, 228,
       132, 86, 91, 158, 160, 100, 183, 201, 61, 154, 198, 200, 135, 158,
       234, 56, 177, 201, 194, 114, 217, 98, 112, 194, 95, 182, 113, 117,
       86, 216, 178, 173, 156, 112, 98, 219, 202, 113, 202, 176, 139,
       135, 181, 142, 116, 219, 200, 195, 137, 198, 104, 201, 46, 115,
       205, 186, 57, 114, 163, 88, 81, 103, 46, 165, 146, 58, 61, 146,
       148, 110, 97, 102, 153, 200, 88, 115, 134, 185, 85, 199, 200, 90,
       187, 129, 148, 48, 167, 215, 139, 155, 185, 79, 156, 120, 170,
       203, 156, 173, 68, 28, 200, 160, 40, 101, 105, 191, 184, 112, 161,
       165, 53, 106, 29, 98, 156, 118, 194, 130, 170, 242, 186, 146, 117,
       156, 111, 182, 180, 185, 131, 141, 168, 203, 189, 94, 175, 209,
       106, 129, 122, 185, 198, 178, 139, 199, 199, 203, 191, 172, 178,
       100, 109, 226, 130, 224, 129, 151, 133, 179, 156, 190, 168, 202,
       78, 206, 188, 125, 113, 208, 156, 173, 200, 135, 218, 185, 156,
       203, 146, 138, 149, 108, 183, 155, 93, 181, 178, 112, 106, 150,
       100, 135, 165, 107, 131, 216, 195, 122, 80, 121, 91, 135, 123,
       114, 65, 73, 166, 157, 90, 102, 62, 100, 72, 162, 117, 162, 168,
       108, 185, 94, 164, 125, 126, 42, 174, 123, 164, 98, 89, 170, 69,
       89, 92, 56, 125, 108, 110, 158, 183, 173, 144, 94, 146, 160, 57,
       37, 206, 91, 106, 107, 142, 181, 78, 102, 112, 126, 74, 77, 73,
       172, 158, 191, 154, 143, 78, 172, 87, 33, 152, 191, 55, 89, 39,
       87, 112, 189, 109, 101, 77, 179, 95, 49, 112, 69, 135, 162, 172,
       47, 149, 67, 212, 114, 156, 191, 56, 101, 78, 106, 11, 168, 84,
       160, 46, 128, 94, 74, 219, 186, 17, 172, 155, 176, 98, 112, 126,
       192, 220, 170, 131, 130, 182, 140, 108, 145, 96, 135, 228, 232,
       191, 123, 123, 145, 170, 118, 55, 125, 146, 195, 118, 172, 222,
       153, 168, 164, 167, 188, 170, 174, 86, 175, 85, 140, 106, 180,
       193, 127, 159, 148, 200, 125, 156, 202, 126, 154, 110, 125, 152,
       113, 122, 163, 118, 76, 202, 164, 199, 118, 76, 81, 118, 109, 58,
       80, 171, 204, 176, 114, 53, 102, 228, 231, 110, 44, 225, 179, 136,
       124, 200, 158, 136, 88, 184, 158, 110, 225, 182, 162, 216, 126,
       75, 137, 108, 138, 158, 138, 102, 118, 155, 68, 92, 118, 219, 172,
       90, 93, 88, 212, 69, 96, 147, 150, 183, 194, 201, 165, 150, 198,
       69, 101, 92, 53, 126, 156, 116, 37, 51, 122, 74, 48, 33, 21, 118,
       209, 213, 89, 114, 130, 108, 196, 125, 85, 73, 50, 148, 54, 86,
       164, 118, 95, 182, 126, 92, 160, 68, 32, 145, 49, 123, 139, 143,
       102, 97, 80, 126, 62, 181, 151, 68, 142, 25, 156, 89, 103, 155,
       151, 160, 95, 169, 162, 128, 103, 101, 92, 164, 136, 196, 208,
       189, 108, 149, 98, 106, 52, 119, 148, 115, 208, 164, 159, 179,
       183, 84, 72, 149, 94, 125, 162, 116, 134, 126, 154, 137, 177, 87,
       167, 80, 157, 200, 97, 180, 152, 158, 114, 145, 87, 137, 101, 135,
       171, 91, 165, 95, 146, 131, 135, 220, 155, 198, 135, 127, 107, 89,
       87, 145, 103, 128, 152, 82, 210, 148, 184, 178, 148, 141, 193,
       180, 160, 110, 115, 211, 156, 227, 195, 209, 68, 211, 135, 216,
       145, 76, 175, 188, 236, 164, 130, 124, 216, 158, 106, 193, 179,
       157, 209, 118, 208, 151, 121, 141, 170, 202, 153, 200, 194, 109,
       221, 163, 99, 142, 113, 214, 204, 231, 196, 159, 184, 128, 218,
       137, 197, 113, 164, 73, 218, 205, 159, 162, 135, 80, 158, 169,
       147, 119, 145, 185, 151, 133, 190, 212, 153, 92, 187, 178, 187,
       129, 153, 205, 160, 185, 156, 153, 136, 192, 104, 165, 104, 140,
       112, 195, 152, 157, 71, 167, 177, 174, 125, 70, 124, 159, 196, 92,
       118, 174, 192, 149, 148, 172, 109, 201, 193, 199, 222, 94, 119,
       219, 115, 207, 197, 128, 220, 180, 150, 90, 203, 88, 175, 176,
       200, 176, 213, 164, 179, 184, 202, 68, 219, 86, 69, 212, 182, 161,
       192, 221, 102, 129, 201, 154, 198, 130, 103, 139, 151, 220, 208,
       200, 183, 157, 159, 110, 222, 179, 202, 86, 180, 190, 89, 151,
       211, 169, 58, 159, 101, 215, 208, 153, 175, 137, 191, 137, 110,
       171, 116, 141, 59, 100, 64, 103, 143, 80, 179, 212, 177, 44, 97,
       84, 235, 144, 166, 69, 137, 69, 107, 194, 209, 141, 94, 170, 110,
       97, 123, 106, 104, 97, 88, 148, 48, 102, 87, 177, 141, 127, 78,
       138, 102, 104, 82, 161, 129, 65, 111, 72, 144, 89, 113, 51, 130,
       167, 115, 151, 109, 148, 181, 101, 107, 198, 50, 229, 90, 137,
       139, 65, 123, 122, 40, 216, 89, 127, 101, 166, 152, 232, 62, 150,
       71, 101, 120, 60, 146, 195, 186, 80, 80, 192, 160, 125, 156, 130,
       163, 153, 148, 76, 200, 208, 88, 63, 152, 91, 170, 69, 167, 49,
       130, 188, 133, 35, 101, 28, 181, 138, 57, 160, 115, 54, 119, 105,
       131, 135, 186, 191, 170, 189, 167, 99, 183, 223, 137, 170, 160,
       217, 127, 125, 209, 208, 192, 184, 132, 97, 163, 147, 169, 93,
       102, 213, 128, 78, 185, 155, 94, 192, 172, 138, 117, 161, 166,
       156, 204, 121, 144, 85, 108, 115, 220, 101, 205, 90, 156, 213, 99,
       40, 206, 67, 165, 125, 106, 200, 117, 121, 155, 106, 73, 187, 86,
       171, 152, 135, 38, 132, 146, 92, 23, 171, 142, 153, 66, 138, 154,
       77, 191, 212, 120, 188, 159, 117, 162, 186, 135, 100, 100, 97, 60,
       149, 172, 195, 212, 60, 203, 84, 142, 118, 76, 129, 104, 20, 147,
       151, 144, 76, 120, 153, 147, 115, 174, 125, 196, 100, 171, 120,
       55, 201, 137, 189, 138, 158, 79, 195, 152, 159, 156, 115, 150, 73,
       149, 126, 116, 92, 134, 106, 185, 122, 138, 156, 221, 152, 106,
       130, 164, 179, 77, 140, 202, 201, 155, 189, 163, 176, 232, 105,
       107, 213, 70, 57, 150, 189, 142, 146, 97, 106, 79, 178, 158, 174,
       225, 128, 176, 82, 64, 93, 172, 45, 92, 192, 122, 179, 186, 74,
       140, 92, 206, 55, 154, 152, 183, 164, 127, 76, 115, 105, 170, 92,
       156, 146, 159, 181, 186, 147, 136, 84, 123, 134, 88, 164, 130,
       155, 161, 165, 172, 172, 163, 186, 104, 141, 175, 108, 99, 214,
       164, 112, 223, 183, 123, 208, 179, 156, 187, 88, 198, 97, 168,
       168, 146, 165, 113, 80, 60, 131, 111, 188, 107, 166, 92, 67, 123,
       184, 140, 72, 199, 65, 121, 97, 108, 145, 141, 213, 177, 158, 135,
       149, 40, 158, 153, 38, 69, 223, 178, 182, 174, 203, 174, 86, 233,
       128, 101, 106, 97, 86, 137, 172, 122, 132, 184, 149, 211, 114,
       139, 125, 219, 142, 123, 96, 185, 124, 141, 167, 34, 151, 112,
       147, 131, 206, 144, 142, 199, 191, 163, 148, 220, 84, 156, 168,
       127, 83, 58, 149, 93, 100, 105, 77, 103, 164, 54, 83, 170, 191,
       198, 185, 61, 183, 172, 92, 200, 49, 174, 142, 100, 69, 101, 36,
       202, 85, 96, 178, 172, 100, 44, 173, 33, 156, 100, 192, 117, 81,
       51, 144, 53, 142, 191, 159, 124, 82, 97, 123, 213, 148, 197, 153,
       83, 137, 186, 176, 73, 159, 140, 206, 130, 174, 100, 74, 202, 45,
       194, 124, 124, 227, 112, 90, 185, 208, 197, 102, 43, 137, 142, 52,
