%YAML:1.0
descriptor: !!opencv-matrix
   rows: 10
   cols: 100
   dt: f
   data: [ 9.59639102e-02, 0., 9.87609178e-02, 0., 0., 0., 0., 0.,
       9.59639102e-02, 0., 0., 0., 0., 9.59639102e-02, 9.26804319e-02,
       9.59639102e-02, 0., 4.93804589e-02, 0., 2.53714800e-01,
       9.87609178e-02, 5.00057995e-01, 0., 0., 1.48141384e-01, 0., 0.,
       0., 0., 0., 2.53714800e-01, 0., 0., 0., 0., 0., 7.07221031e-02,
       0., 3.33371997e-01, 1.66685998e-01, 0., 9.59639102e-02,
       4.93804589e-02, 0., 0., 9.59639102e-02, 1.66685998e-01, 0., 0.,
       9.59639102e-02, 1.66685998e-01, 9.87609178e-02, 4.93804589e-02,
       0., 3.33371997e-01, 0., 0., 0., 1.26857400e-01, 9.87609178e-02,
       0., 0., 4.93804589e-02, 1.91927820e-01, 0., 0., 0., 0., 0.,
       7.07221031e-02, 0., 1.66685998e-01, 0., 0., 0., 0., 0.,
       4.93804589e-02, 7.07221031e-02, 0., 9.59639102e-02, 0.,
       1.41444206e-01, 0., 0., 0., 0., 4.93804589e-02, 1.66685998e-01,
       0., 0., 0., 0., 0., 9.59639102e-02, 0., 0., 0., 7.07221031e-02,
       0., 0., 0., 0., 4.51985002e-01, 0., 0., 0., 0., 0., 0.,
       1.50661662e-01, 0., 0., 0., 9.70044434e-02, 1.50661662e-01,
       1.50661662e-01, 0., 0., 0., 0., 2.61694103e-01, 3.98327798e-01,
       0., 7.75264576e-02, 0., 1.50661662e-01, 0., 0., 7.75264576e-02,
       0., 4.85022217e-02, 4.85022217e-02, 0., 0., 1.50661662e-01,
       1.11032471e-01, 0., 0., 0., 1.11032471e-01, 0., 0.,
       3.33097398e-01, 0., 0., 0., 1.99163899e-01, 0., 0., 0., 0., 0.,
       0., 0., 0., 0., 1.55052915e-01, 0., 0., 0., 2.61694103e-01,
       7.75264576e-02, 0., 0., 0., 0., 0., 0., 1.11032471e-01, 0., 0.,
       0., 0., 0., 1.50661662e-01, 0., 0., 0., 1.99163899e-01,
       1.50661662e-01, 0., 0., 0., 0., 0., 0., 0., 0., 0., 0., 0., 0.,
       0., 1.50661662e-01, 1.11032471e-01, 0., 0., 0., 1.50661662e-01,
       0., 0., 4.82414737e-02, 0., 8.14206526e-02, 0., 9.37504619e-02,
       0., 4.68752310e-02, 1.23931371e-01, 4.68752310e-02, 0.,
       3.45454328e-02, 1.40625685e-01, 1.50904534e-02, 0.,
       4.68752310e-02, 0., 6.19656853e-02, 6.19656853e-02,
       4.82414737e-02, 0., 0., 4.35363680e-01, 4.82414737e-02, 0., 0.,
       3.45454328e-02, 8.14206526e-02, 1.20603688e-01, 1.23931371e-01,
       1.50904534e-02, 4.52713594e-02, 8.14206526e-02, 6.19656853e-02,
       4.68752310e-02, 6.90908656e-02, 6.19656853e-02, 2.44261965e-01,
       0., 1.03636295e-01, 0., 4.82414737e-02, 3.45454328e-02, 0.,
       4.68752310e-02, 0., 1.85897052e-01, 1.85897052e-01, 0.,
       1.62841305e-01, 4.82414737e-02, 9.64829475e-02, 8.14206526e-02,
       2.44261965e-01, 8.14206526e-02, 9.37504619e-02, 2.41207369e-02,
       1.23931371e-01, 2.41207369e-02, 0., 0., 4.82414737e-02,
       1.87500924e-01, 9.37504619e-02, 0., 0., 6.19656853e-02,
       9.37504619e-02, 1.38181731e-01, 9.37504619e-02, 8.14206526e-02,
       4.68752310e-02, 6.19656853e-02, 6.19656853e-02, 9.37504619e-02,
       0., 4.82414737e-02, 3.45454328e-02, 6.19656853e-02,
       1.87500924e-01, 8.14206526e-02, 3.45454328e-02, 3.26522738e-01,
       6.19656853e-02, 6.19656853e-02, 1.62841305e-01, 4.82414737e-02,
       8.14206526e-02, 6.19656853e-02, 4.68752310e-02, 0.,
       1.08840920e-01, 0., 0., 3.45454328e-02, 2.44261965e-01, 0.,
       3.45454328e-02, 4.68752310e-02, 0., 0., 0., 0., 0.,
       1.60271347e-01, 0., 0., 0., 0., 0., 0., 1.60271347e-01, 0., 0.,
       0., 2.17474654e-01, 1.11906633e-01, 0., 0., 0., 0., 0., 0., 0.,
       2.87485868e-01, 0., 0., 0., 0., 0., 0., 0., 0., 0., 0., 0., 0.,
       0., 0., 0., 0., 1.11906633e-01, 0., 0., 0., 0., 0., 0.,
       4.34949309e-01, 0., 0., 1.11906633e-01, 0., 0., 0., 0., 0., 0.,
       0., 0., 0., 0., 0., 0., 2.87485868e-01, 0., 0., 0.,
       1.60271347e-01, 0., 0., 0., 0., 0., 0., 0., 0., 1.60271347e-01,
       0., 0., 0., 0., 0., 0., 0., 0., 0., 0., 0., 2.17474654e-01,
       2.87485868e-01, 0., 0., 2.17474654e-01, 1.60271347e-01, 0.,
       5.04960537e-01, 0., 0., 6.62086084e-02, 0., 1.02207541e-01,
       1.32417217e-01, 0., 9.75869372e-02, 6.62086084e-02, 0., 0., 0.,
       0., 8.75230283e-02, 3.90347749e-01, 1.32417217e-01,
       4.26288247e-02, 0., 0., 1.02207541e-01, 1.75046057e-01, 0.,
       1.70345888e-01, 0., 0., 0., 3.40691768e-02, 8.75230283e-02,
       6.62086084e-02, 4.87934686e-02, 0., 3.40691768e-02,
       3.50092113e-01, 2.13144124e-02, 2.13144124e-02, 0., 0., 0.,
       9.75869372e-02, 0., 0., 0., 9.75869372e-02, 6.62086084e-02, 0.,
       4.87934686e-02, 2.30004132e-01, 6.62086084e-02, 0., 0., 0.,
       1.98625863e-01, 0., 6.81383535e-02, 1.02207541e-01, 0., 0., 0.,
       6.62086084e-02, 3.40691768e-02, 0., 3.40691768e-02,
       1.75046057e-01, 0., 0., 0., 1.98625863e-01, 8.75230283e-02,
       1.15002066e-01, 3.50092113e-01, 1.32417217e-01, 0., 0., 0., 0.,
       1.75046057e-01, 0., 0., 1.53731644e-01, 6.81383535e-02, 0.,
       8.75230283e-02, 0., 0., 4.87934686e-02, 0., 8.75230283e-02, 0.,
       0., 3.40691768e-02, 0., 0., 6.62086084e-02, 0., 0., 0., 0.,
       4.87934686e-02, 0., 3.07463288e-01, 9.75869372e-02, 0.,
       3.63044403e-02, 8.42963010e-02, 1.86812934e-02, 0.,
       1.89178675e-01, 5.35102487e-02, 1.45217761e-01, 2.52888918e-01,
       0., 4.79918607e-02, 7.26088807e-02, 2.39959285e-01, 0.,
       7.26088807e-02, 2.33748388e-02, 0., 3.63044403e-02,
       1.86812934e-02, 0., 4.79918607e-02, 3.73625867e-02, 0.,
       4.79918607e-02, 0., 5.60438819e-02, 4.79918607e-02,
       7.26088807e-02, 1.07020497e-01, 0., 5.60438819e-02, 0.,
       4.67496775e-02, 1.16874194e-02, 2.52238244e-01, 4.79918607e-02,
       1.08913325e-01, 5.35102487e-02, 0., 6.30595610e-02, 0.,
       1.60530746e-01, 0., 3.73625867e-02, 8.02653730e-02,
       6.30595610e-02, 7.26088807e-02, 0., 2.39959285e-01,
       4.79918607e-02, 0., 0., 7.47251734e-02, 1.86812934e-02, 0., 0.,
       1.89178675e-01, 3.63044403e-02, 3.73625867e-02, 1.91967443e-01,
       1.86812934e-02, 0., 6.30595610e-02, 3.73625867e-02,
       3.63044403e-02, 1.45217761e-01, 4.79918607e-02, 0., 0.,
       1.08913325e-01, 8.02653730e-02, 1.08913325e-01, 0.,
       3.63044403e-02, 2.39959285e-01, 2.87951171e-01, 1.08913325e-01,
       4.21481460e-01, 1.86812934e-02, 5.35102487e-02, 1.91967443e-01,
       1.08913325e-01, 6.30595610e-02, 2.67551243e-02, 0.,
       4.79918607e-02, 4.79918607e-02, 6.30595610e-02, 5.60438819e-02,
       0., 1.43975586e-01, 0., 4.79918607e-02, 0., 0., 0.,
       8.02653730e-02, 0., 0., 5.35102487e-02, 0., 0., 3.68876725e-01,
       1.08997963e-01, 1.05911039e-01, 0., 1.56105578e-01,
       1.58866554e-01, 0., 2.11822078e-01, 7.00033903e-02,
       1.05911039e-01, 0., 1.95132002e-01, 0., 3.40957381e-02,
       5.29555194e-02, 0., 2.72494908e-02, 7.00033903e-02,
       1.40006781e-01, 2.72494908e-02, 1.83963805e-01, 7.00033903e-02,
       2.45917812e-01, 2.72494908e-02, 0., 1.05911039e-01,
       7.80527890e-02, 1.83963805e-01, 5.44989817e-02, 2.10010171e-01,
       5.11436053e-02, 5.11436053e-02, 0., 1.40006781e-01,
       1.05911039e-01, 0., 7.00033903e-02, 0., 1.83963805e-01, 0.,
       1.05911039e-01, 2.72494908e-02, 7.80527890e-02, 9.19819027e-02,
       1.05911039e-01, 9.19819027e-02, 0., 0., 0., 0., 5.44989817e-02,
       2.72494908e-02, 0., 0., 0., 0., 5.44989817e-02, 7.00033903e-02,
       5.44989817e-02, 2.10010171e-01, 9.19819027e-02, 2.72494908e-02,
       5.29555194e-02, 5.29555194e-02, 7.00033903e-02, 9.19819027e-02,
       0., 5.29555194e-02, 1.56105578e-01, 1.05911039e-01, 0.,
       5.29555194e-02, 0., 2.80013561e-01, 1.58866554e-01, 0.,
       2.72494908e-02, 0., 0., 0., 0., 3.90263945e-02, 0.,
       1.40006781e-01, 1.40006781e-01, 0., 2.72494908e-02,
       9.19819027e-02, 7.00033903e-02, 1.05911039e-01, 1.40006781e-01,
       0., 0., 5.29555194e-02, 0., 9.19819027e-02, 0., 1.17079183e-01,
       0., 1.23357549e-01, 0., 0., 2.46715099e-01, 0., 0., 0., 0., 0.,
       0., 0., 0., 9.09102708e-02, 1.23357549e-01, 0., 2.46715099e-01,
       0., 0., 1.63069814e-01, 0., 0., 0., 0., 0., 6.34764880e-02, 0.,
